1
100
99999 1
99998 2
99997 3
99996 4
99995 5
99994 6
99993 7
99992 8
99991 9
99990 10
99989 11
99988 12
99987 13
99986 14
99985 15
99984 16
99983 17
99982 18
99981 19
99980 20
99979 21
99978 22
99977 23
99976 24
99975 25
99974 26
99973 27
99972 28
99971 29
99970 30
99969 31
99968 32
99967 33
99966 34
99965 35
99964 36
99963 37
99962 38
99961 39
99960 40
99959 41
99958 42
99957 43
99956 44
99955 45
99954 46
99953 47
99952 48
99951 49
99950 50
99949 51
99948 52
99947 53
99946 54
99945 55
99944 56
99943 57
99942 58
99941 59
99940 60
99939 61
99938 62
99937 63
99936 64
99935 65
99934 66
99933 67
99932 68
99931 69
99930 70
99929 71
99928 72
99927 73
99926 74
99925 75
99924 76
99923 77
99922 78
99921 79
99920 80
99919 81
99918 82
99917 83
99916 84
99915 85
99914 86
99913 87
99912 88
99911 89
99910 90 
99909 91 
99908 92 
99907 93 
99906 94 
99905 95 
99904 96 
99903 97 
99902 98 
99901 99 
99900 100 
y
4
y
3
99900
n


